accuracy: 0.9902985074626866
f1: 0.9939223936418888
precision: 0.992530345471522
recall: 0.9953183520599251
