accuracy: 0.9895522388059701
f1: 0.9935543278084715
precision: 0.9908172635445363
recall: 0.9963065558633426
